,组织领导,常规工作,病患处理,人际关系,护理认同,职业认知,职业价值,职业规划
组织领导,1,0.69**,0.58,0.56,-0.3,-0.32,-0.35,-0.11
常规工作,0.69,1,0.7,0.66,-0.28,-0.31,-0.33,-0.07
病患处理,0.58,0.7,1,0.73,-0.13,-0.31,-0.28,-0.09
人际关系,0.56,0.66,0.73,1,-0.2,-0.27,-0.28,-0.05
护理认同,-0.3,-0.28,-0.13,-0.2,1,0.38,0.56,0.24
职业认知,-0.32,-0.31,-0.31,-0.27,0.38,1,0.7,0.47
职业价值,-0.35,-0.33,-0.28,-0.28,0.56,0.7,1,0.57
职业规划,-0.11,-0.07,-0.09,-0.05,0.24,0.47,0.57,1
